987
500 489 953910183
281 81 612749117
711 1 128777003
667 332 638815522
864 119 530695391
573 261 863336491
15 901 169887846
683 645 662718767
298 836 444867288
55 898 342085311
386 435 407973242
653 554 392583494
673 930 747974365
185 767 786464438
789 403 205857734
192 490 86050504
587 437 218108340
160 806 252752098
967 664 869255603
354 296 766348347
340 909 117404628
914 796 139381935
161 299 585327128
769 597 570997902
9 502 165667173
465 156 246138522
493 942 246581180
3 22 777326721
402 503 64671464
43 470 168769869
497 408 706781346
314 690 748446916
524 317 707881837
293 75 108005174
686 250 300144986
767 712 589670077
402 448 283592486
902 144 189671954
688 585 529700330
300 784 83295659
928 365 811776545
506 149 445491568
9 366 864787435
378 385 211578226
961 883 888796881
938 504 899166676
94 42 213169869
175 889 504073026
611 895 633618428
651 957 248853523
25 129 855039934
294 344 148115808
206 885 597106045
85 113 527459064
36 648 947198643
209 323 767788969
655 56 625873607
621 402 959914860
393 744 372413726
833 865 840283931
816 700 718162302
947 655 523369449
631 567 554089554
348 632 401325895
661 726 242313642
858 797 618308346
454 146 449181378
45 110 1889906
509 272 780008374
549 546 560160039
703 732 679969260
578 504 737353214
234 897 799191037
813 769 929969006
562 894 999815816
501 257 250199094
162 146 862714224
900 250 355894785
596 739 487099157
935 862 928277731
387 312 427462789
230 771 774074866
914 346 824496327
619 429 637835615
238 545 51431659
562 41 975849803
235 534 262812759
260 323 585347923
878 233 862830853
769 644 384413339
970 616 3246156
487 538 552594600
321 812 411710162
344 63 594853921
372 718 442877448
152 626 254006283
87 718 948232078
595 360 571791475
875 180 404239454
233 315 118622746
118 774 359311950
41 800 279420437
428 396 209964105
642 865 744188675
227 93 164993691
782 421 145609745
340 129 288952626
987 354 121447766
554 335 225243850
446 508 96819187
648 346 136337407
82 261 929368652
668 829 279796899
627 356 195106968
733 714 880465854
316 166 332715495
741 407 744767327
843 53 5590080
618 953 710172717
719 229 596862918
817 801 837201036
452 154 811131089
161 279 10103968
717 618 261265656
770 205 645058518
444 70 709719740
898 324 776568170
87 69 999320448
749 116 623133988
434 18 884137522
691 104 643008310
741 648 44239534
157 834 765020460
925 481 362887491
670 923 333112062
73 439 787594465
827 223 39435308
865 930 607683742
781 462 943758098
356 628 402388338
33 781 870689615
668 598 948864586
612 641 658740335
721 571 294994181
738 595 239024136
522 745 900764321
686 61 573876272
686 636 871077073
905 983 718558148
358 168 597460313
843 942 189902237
836 370 506927338
716 664 202608402
967 743 146673223
41 577 247994880
159 274 636284514
79 940 490120878
969 19 440177253
96 959 608614418
23 207 198021845
504 193 628932433
968 781 496251165
330 148 74558164
967 528 248431660
37 423 725022002
979 699 21523758
380 562 890113934
17 671 198793508
859 594 982565571
775 686 25142485
499 402 65252082
246 460 891612923
409 246 394520434
44 773 450004505
216 108 823745483
482 739 385507055
972 550 326206485
392 710 15097392
15 767 845749894
209 119 109788432
130 680 271934489
554 533 561485053
797 344 161468672
600 324 858559624
512 273 731478623
686 730 558885892
465 789 197368909
41 601 179946915
972 477 718893238
298 984 18159684
3 110 145656519
799 804 751908552
69 14 391617233
478 919 876010973
169 896 827215398
122 114 828781044
815 627 765782814
130 850 317157966
430 814 784028769
934 382 755070221
27 111 549123404
858 785 733908041
639 9 610009081
292 952 172071453
180 651 475265596
13 828 492327228
96 280 648251004
529 72 173686971
442 76 760200095
805 583 5427542
423 937 738264958
125 564 456062197
517 207 798999005
115 50 194239262
296 115 818560918
551 830 704830342
709 797 309257015
409 327 985591076
767 301 641820707
480 461 119394636
873 240 569946841
596 944 145659276
400 86 402763797
608 663 152266962
147 343 978129397
418 961 958349180
334 377 998046205
288 631 112148978
362 906 417982555
193 560 971643946
389 30 727448140
812 767 168951451
779 936 228227769
665 346 821888526
385 693 570616746
310 822 434176683
524 652 169423971
567 92 633361832
581 264 255895000
276 678 300401178
192 704 241206415
39 965 877698506
65 6 219695182
333 337 389222811
616 426 586863254
262 632 734362643
975 344 879481831
320 16 353606773
811 513 212273850
154 131 982480547
811 914 797863902
620 907 556189661
28 7 95116148
798 51 786545237
161 363 748869734
487 266 649066375
822 357 906863482
838 523 898779009
483 663 15380202
543 385 250834230
258 469 325129848
660 771 242361741
67 158 983596088
205 610 738782219
965 245 779549618
183 350 553516829
260 682 623515919
536 534 177217943
398 112 522634277
348 510 234427733
406 407 450505472
250 598 599693652
731 541 205597472
305 250 776278142
303 677 869526214
416 690 245587594
265 196 276929325
35 634 994926969
256 286 849846866
583 394 715087701
675 378 969113142
322 779 871941499
509 913 452656482
363 611 967230903
901 848 989553498
101 224 849612037
579 678 930485482
91 868 37856003
781 520 881960493
198 4 756690933
344 743 332536711
982 213 202272384
695 132 34937833
786 130 944599443
409 161 503061745
58 824 144489259
190 538 22517901
727 310 318070539
515 597 695800052
906 335 642697216
537 583 263565701
721 753 242578430
746 893 765993575
529 271 763317169
928 455 202841218
486 13 971506033
64 231 386950357
784 750 786550612
629 198 526234134
966 381 239652912
276 65 830168415
409 57 617793066
680 606 635027304
651 872 960986611
692 561 969550110
948 336 920952947
482 854 109359278
464 284 914529493
7 504 922756166
776 511 620484398
340 648 110672082
684 217 61062639
585 410 419646987
789 692 822448089
774 60 963925485
316 922 343230255
330 680 955413021
233 440 859695315
544 841 473179184
882 598 523404832
581 960 365605083
252 859 999128568
277 905 373981339
574 130 540603130
893 97 92716422
733 517 757017875
848 622 376593351
557 349 44935375
564 935 960237814
962 323 768803070
680 961 353636038
559 482 838334400
678 390 120811708
81 308 427278416
592 911 628756850
550 40 916051140
393 769 996419363
89 851 423110946
264 929 783609960
874 369 653002084
951 906 696968512
263 569 156078185
206 221 849773275
233 287 993121847
657 305 634101543
358 791 38880386
816 613 846665434
553 264 920141390
637 29 574880675
680 226 541363343
199 234 486079311
545 895 885513468
151 272 958104553
737 762 333994622
790 389 313486110
497 843 888046295
881 587 273195546
804 899 212429677
353 140 170641820
676 11 745035707
507 174 49269061
808 232 253671341
371 219 279636530
425 436 529426221
216 217 216528614
177 534 661836955
719 649 226187616
949 473 720227311
584 91 395677882
985 774 390919175
722 532 307793705
276 446 424114215
220 17 668810326
924 955 225922713
54 328 66379921
225 350 117955382
210 190 883671572
464 961 992169478
434 91 303308048
150 652 590071974
446 976 53368197
815 794 707304023
922 740 558133323
203 181 930767557
87 95 321411681
558 894 795759764
413 62 629729995
30 797 663622804
410 170 138790207
15 687 699022603
409 708 948118125
209 496 417089701
415 346 909656559
618 588 595463229
397 705 160206557
562 598 44245383
715 687 616354281
164 254 971468616
208 585 61880360
298 69 98114317
116 836 371584578
256 433 239131509
814 824 503865186
603 615 655268066
474 616 789057638
611 123 612210494
624 663 974139432
549 934 723952942
865 202 474616881
931 907 404452073
762 355 915448739
128 748 992860483
701 868 445290422
844 906 753134277
181 639 722206713
540 659 449214204
342 719 609288387
674 244 311669554
313 895 36669093
103 950 415808484
672 879 313942055
953 935 628959351
652 19 874955378
328 637 593463370
776 444 668942214
45 31 919686990
589 362 319368326
4 599 331579956
693 344 623110653
789 307 556562124
737 986 888226825
248 119 300700029
609 642 121170277
768 588 2502288
562 642 239195617
334 815 415461272
397 446 60515652
589 870 561845749
383 760 57842219
721 495 517754541
187 363 110146608
525 228 312072328
837 43 84862968
505 510 854778141
680 472 411739373
463 49 713713347
696 72 944709603
53 77 458715103
492 165 41293872
804 537 625024616
751 762 5686825
282 346 323645889
912 61 462137649
584 89 593134359
809 973 269550573
712 376 984387339
547 215 934809750
398 322 220804895
419 709 64346907
721 404 503706238
205 66 460129075
521 553 419482603
659 534 282522635
664 691 668767315
959 707 89470090
562 799 319148218
141 698 376499227
619 835 864930905
860 646 992543855
359 544 521462228
429 268 925984976
400 320 83756527
205 879 199577249
568 470 756626027
436 906 529458624
323 456 985638573
814 239 694982623
146 832 12647416
103 119 35075037
756 239 372385566
370 566 398073449
454 713 48956843
158 882 376084938
633 249 953565547
326 570 603534642
69 175 799316632
614 957 7450802
498 253 862330856
486 329 446207798
297 845 165531728
78 744 835939649
858 702 512271880
322 331 530565870
72 981 836470904
445 17 830532942
781 690 355002608
151 195 297833051
634 393 702728027
682 272 852163763
781 420 234282002
935 751 233239694
361 796 768553807
20 162 61690594
693 650 750377932
580 527 707676363
876 216 431496170
967 867 16079394
672 43 827444762
155 788 7406815
212 793 84809364
209 396 721077196
110 181 961773913
542 475 382187757
324 787 257550899
661 680 692414292
75 213 746462438
69 126 858054986
639 388 834572653
255 209 350895765
932 457 521535516
320 163 320365203
921 91 111285253
773 503 306153703
167 699 103012296
562 752 720806668
260 297 760287599
406 443 684472348
448 941 458312279
843 742 160918616
328 823 87037368
327 888 952592782
298 789 713213037
767 486 305134276
326 531 979124885
418 948 981939719
451 518 791329702
11 533 620910042
423 743 239332557
351 264 834273614
491 546 77366388
43 215 128905164
966 842 813264178
107 800 524059504
898 446 124398707
707 769 508870958
240 685 807932055
70 485 305796459
145 871 492674414
278 758 854629536
879 52 62858418
122 771 522872948
728 586 818834598
803 8 946078099
376 197 601955292
480 474 459497661
658 517 769219023
611 241 682891455
38 366 523293658
197 884 714954018
811 152 931728731
812 315 952174026
276 422 235339268
772 603 347846448
231 435 153713721
721 853 23412841
94 963 359782584
466 450 719174204
249 164 760461412
605 789 441597604
291 723 81819487
727 395 804004573
348 70 448427596
604 72 866959484
697 943 152070905
815 186 748586543
982 211 989318706
555 877 149293825
514 747 556725278
313 641 969360447
729 413 668100962
157 582 567286124
799 539 936495210
411 352 564165046
586 945 192575050
796 703 343210258
804 220 61982860
802 304 440440239
672 549 868357806
341 463 323612949
248 587 405998692
455 216 948150843
764 108 311699344
120 740 66932590
735 881 764653747
147 679 6621516
329 188 14436037
311 843 212566146
734 276 456966533
276 143 298307395
417 776 906030687
34 298 940704358
173 250 960857000
98 397 734071967
859 61 909620433
648 223 146125089
198 258 569511714
22 194 532691028
255 71 473556433
407 978 696255926
296 538 977623518
185 982 609986482
412 920 407110640
32 151 159567619
523 558 39683111
784 698 328047801
806 689 814162601
299 919 991744553
220 593 771830075
61 21 448197966
247 463 325905626
977 278 816073817
608 91 266923925
59 267 997905164
849 879 705460291
9 656 452072579
2 339 107025494
266 438 802076750
557 544 26043795
291 216 799270071
795 100 393514384
386 507 790819730
468 494 949243418
588 927 834597102
522 134 507168920
412 434 662479953
347 320 37348701
358 647 720911207
105 913 124341073
270 692 352426651
830 560 72207344
17 527 701851758
731 766 38197975
804 522 26746851
825 705 52208510
740 955 842283813
19 24 3036461
155 119 256327688
898 439 322841667
967 236 538716459
712 780 292975094
503 906 965709359
413 466 782647432
816 243 399695188
725 342 756738710
322 694 42798207
27 204 450739974
451 199 142844397
578 856 324878900
133 157 711689090
799 926 811568919
890 554 745457045
222 399 531244338
421 347 711081748
105 337 33096119
433 231 383202232
727 285 273340959
116 26 519704022
619 344 9529542
255 27 958149219
232 457 278966819
102 670 429307182
135 221 713872151
207 821 423001755
62 232 634295868
767 258 147589147
116 630 569649143
511 373 586732992
72 322 412272835
548 737 598698184
575 933 554147690
414 541 306282253
291 720 411270803
187 979 925062098
933 430 763420471
965 915 898651437
289 127 303839559
471 859 836103561
119 965 747910145
534 489 890600376
908 19 273628942
781 619 632625394
99 780 156576573
76 704 593790564
482 636 999561083
58 367 950788813
63 322 847643099
598 362 452706176
789 346 478496309
187 810 412083928
397 793 380911328
709 46 663074136
453 577 17667368
727 191 701476154
240 432 234865522
155 341 522140011
664 946 419338432
1 741 693239988
318 906 159010238
893 653 798248018
637 375 441662738
638 248 149008890
516 430 289140613
494 841 651267232
563 504 170025908
246 857 843501905
76 309 527349557
655 858 848914734
498 724 214592238
965 124 770596143
898 743 17249101
5 508 225091012
616 447 142476387
882 467 129633464
696 674 998424063
342 680 374500800
434 232 417534362
806 941 216968248
939 631 445467014
767 240 935396319
209 339 833695650
232 569 593191166
642 84 988871720
704 302 408566790
877 648 457690887
844 259 660974698
706 76 197502206
230 542 466036271
335 205 586981769
218 123 840279608
910 563 171113523
776 662 952787799
374 19 583995745
617 87 282193083
213 304 489965958
402 387 902110212
183 532 698372379
525 283 739572125
928 364 194434267
736 357 622416145
740 891 951707366
209 346 664801130
159 589 284972312
914 957 656496536
346 488 858410742
664 431 480959256
385 127 956755547
761 862 68157708
591 527 951968174
626 501 267512421
258 113 330842850
896 619 491046228
826 490 473917305
358 636 649239782
789 512 508776682
369 847 868281611
258 841 266158297
384 345 725517332
479 228 938178957
290 168 664407495
907 882 621506962
114 807 854809817
245 640 735661983
345 772 491943759
800 136 195279678
894 295 241670864
226 943 718763838
698 918 757775059
363 619 19780965
686 514 351187172
874 74 887678488
242 458 791922410
586 642 657325189
8 758 197813983
774 518 763947428
33 179 183865863
234 550 757412824
306 460 745039375
906 815 825778140
681 604 567010226
391 846 557133697
225 476 728507269
784 221 550175882
362 296 307432621
249 865 585564799
80 446 690386574
250 495 693600522
138 877 417010767
812 230 26523382
632 401 221125512
369 592 532991085
916 91 707741658
886 33 777538603
331 819 773998943
604 451 723135093
61 530 946487426
418 789 764059560
976 874 859153319
243 162 131260304
315 778 990240554
59 427 449438163
584 228 753989543
741 573 742506208
976 154 751422493
584 298 621427556
250 860 324269530
503 818 715733144
65 427 374640787
852 818 470554341
594 251 470512174
325 224 94085668
63 307 993125683
147 598 2877949
178 146 310266491
729 526 891556816
153 10 216502525
172 879 369068925
275 349 176148917
48 36 126500894
434 917 753681962
135 482 616500072
760 418 438427909
127 424 890210584
669 365 550390967
554 79 969288196
974 629 613305077
755 949 177873850
964 657 956697520
976 310 73542826
182 168 705976161
301 171 755372734
356 892 658344832
368 7 785202148
781 216 348614307
363 953 133177016
943 517 436643384
88 46 512507651
61 843 355370352
137 435 283472594
795 63 950024750
781 771 969663227
814 680 174839812
2 319 917194768
824 93 378008357
221 904 341920157
705 954 221784514
556 199 645522543
320 346 705502746
81 91 89534700
777 957 221199131
632 61 194347253
743 243 793010334
730 980 26739952
971 707 836198928
328 906 614654003
724 123 90511913
327 350 517127403
750 176 839170670
376 449 949934196
140 966 449256889
557 277 532116694
165 249 502749625
891 754 698184258
882 447 640018534
108 759 641713234
207 861 686532906
409 326 739612184
590 607 841469543
766 298 876552304
654 590 476550283
392 57 435357495
213 379 812292265
651 903 791231392
609 106 386079376
855 288 970516415
457 846 690522694
441 132 470234007
265 860 274192306
645 930 101290139
751 142 443750046
405 486 376886256
473 870 544982349
869 633 551289426
155 839 124660297
900 47 52208145
306 201 248423416
308 12 294535978
654 20 983903393
291 798 264287980
572 518 936066567
147 880 415079078
840 976 73182390
957 560 688178520
410 243 926310568
43 145 497123484
482 677 847082175
133 765 519904486
371 388 119160973
393 132 305411709
603 653 792233951
820 664 929178382
433 346 465198262
458 119 846238857
625 668 687939823
486 866 12355684
674 459 738211970
68 584 227045241
631 228 762863489
105 83 194935583
203 481 7575358
397 623 205919367
961 639 336582694
454 292 734002701
140 898 183566322
224 366 67694252
63 738 39522039
576 314 462922502
128 139 957444494
42 307 848426604
150 767 277335894
535 209 753285792
214 498 794890015
144 499 729104764
146 817 342790686
399 561 894176457
519 296 891243589
250 659 586099220
973 87 591946609
54 117 125742825
757 874 702479060
781 602 862054814
816 763 682533177
162 923 499948466
132 250 563575274
792 830 570088487
831 507 493313316
427 157 974214988
766 552 166085387
375 338 677882367
979 76 746902145
635 634 630187196
90 72 158274292
923 411 854457886
643 398 75500594
849 10 102768482
291 977 771644058
200 447 878285044
678 666 614402994
521 15 891466939
698 956 971416537
184 741 614435359
958 639 236237679
398 121 728860146
442 740 659967653
887 447 442001414
225 863 351121510
746 484 227054356
565 444 11136047
974 506 242481626
205 748 740227682
976 109 718530581
192 237 196925765
189 582 466156463
250 619 839747551
517 269 27463240
217 667 705477127
743 783 30625043
560
17 730 112120903
899 967 826230009
814 300 669858232
39 829 803689150
431 576 478807893
439 625 364521584
489 889 269660551
338 115 645049232
316 639 456652077
555 341 369483881
802 168 558632342
754 923 177937965
85 885 559554495
310 500 997999700
233 542 755543246
381 725 443058481
649 166 857266639
190 494 378572245
624 294 982013614
553 916 915924265
976 910 318629493
761 712 464121927
13 340 780763847
208 668 32790041
706 855 94817436
422 192 609218101
155 193 624281662
347 25 480175351
568 93 31098501
337 705 105858784
122 424 75257679
948 583 757205807
944 429 154356547
382 684 192446911
609 644 930956998
839 79 501411360
618 431 618903614
527 891 124626424
510 531 763346823
251 589 266950812
923 167 898753714
973 177 691997674
112 888 197604357
494 966 31814762
321 932 44093232
519 865 450391205
571 58 712459212
459 895 202819524
613 717 91501338
208 917 705697645
858 279 527974138
776 143 536210651
232 579 357374505
751 550 136198973
489 503 764338111
269 551 785978193
42 774 691694569
600 323 320365120
134 774 322977251
178 945 581244348
151 695 228356921
522 29 724169560
765 786 77711423
216 737 144496424
508 712 444395981
912 545 225378714
658 170 360003648
793 608 332117651
270 902 12545454
608 318 495878093
766 710 828578665
625 821 414199920
326 86 348597943
598 153 631177712
245 559 462998224
555 673 517215783
150 806 907572760
439 329 823080115
831 746 526323870
388 918 180919698
897 660 158010324
572 453 656239355
788 584 745714577
627 438 905683583
596 865 474887237
961 846 207496033
433 403 454528123
939 838 487425074
795 25 519749525
322 918 107020209
343 659 470117827
402 238 537673442
362 37 19134276
412 977 206029933
420 219 926462689
710 246 203199290
22 537 17622951
340 104 921530442
980 872 649087461
613 537 636957143
707 141 574158693
560 482 583372720
52 627 244963055
454 2 740842702
408 710 260524283
833 961 588499004
527 745 181713333
909 693 612204838
454 409 847779383
506 238 10106943
256 555 858100994
215 966 262825048
627 624 965959102
470 670 152954942
351 127 546669107
151 468 364678100
443 624 807986824
885 220 904334962
454 718 509089467
732 412 672402045
21 679 129776480
35 921 908062279
885 504 50176926
187 398 408675369
713 436 848398439
540 845 25127903
934 816 736538360
729 190 583363877
815 364 848018577
972 399 660038031
796 824 839322997
545 230 246028717
835 840 846577956
344 848 240735071
509 538 290287064
774 661 289439094
330 595 737007934
169 349 474958476
362 463 293398646
964 870 505509158
968 632 941855565
745 910 379956488
952 667 707465402
711 301 630928855
932 201 744768151
366 174 251044086
628 886 752742049
320 931 757869722
140 522 380281010
398 139 968051248
251 398 730613309
34 454 509766641
264 667 724138763
876 907 435912643
952 252 573175605
544 68 944905554
448 757 916553313
851 969 444935023
556 247 268652609
313 330 216306857
842 891 638388809
39 117 474905898
725 558 570955440
640 236 78075860
826 794 552249514
985 829 81623708
744 743 873608676
769 977 448579622
469 121 918545728
968 567 431721634
900 393 470020306
637 620 375263207
176 950 807085851
474 562 214383822
725 243 925900165
46 751 41822672
939 361 495556127
618 469 859481315
844 913 18441370
971 514 731604626
738 303 477265028
895 540 227060827
689 540 405846723
507 848 401381454
940 561 556445781
696 822 206458851
252 291 815507526
442 758 246216732
709 678 977607923
342 514 373757148
931 41 176709758
571 565 38233990
830 118 329181329
808 106 671919834
444 557 73143639
587 252 83350540
363 390 954288567
318 830 540944166
57 345 97994963
89 211 355112608
821 50 815239874
115 128 331117118
48 654 826426506
206 105 457581865
772 285 454665056
814 430 294858065
473 258 802096419
182 259 169844738
770 399 321728022
349 711 92334534
543 927 979308510
240 368 390699899
465 74 807174588
426 89 645269684
772 35 321425932
201 980 209744212
450 447 621678334
229 974 48333929
386 21 787060371
647 611 729175623
826 710 338034651
672 292 686202854
831 760 42299246
618 689 584938877
672 701 346092840
253 199 981886559
30 917 203451176
743 141 346764309
917 312 109701644
894 619 242192573
927 148 960333926
5 39 92401315
544 421 130850178
140 364 525903134
810 513 380515164
396 18 156422829
869 940 251033052
201 547 545358418
722 94 610314581
982 98 369731630
983 722 690892349
704 861 805090653
585 920 265936430
242 249 944967957
513 846 730241564
14 228 289143034
584 785 182143449
881 416 952922820
9 316 374933702
238 433 207268116
326 822 721819100
747 806 885739923
839 552 64384731
533 679 579296845
527 20 869851345
621 101 315903565
272 392 881702350
808 218 658408313
451 431 776898534
950 442 531814832
179 290 728493927
631 705 78250786
439 937 274430044
144 795 856329711
589 745 390851394
430 858 496992516
473 678 753254666
662 372 151942706
679 403 895159888
884 872 958087056
677 45 844464601
390 262 795108370
751 733 65554515
422 393 395822442
396 559 611729224
421 809 247906080
549 130 274941796
295 910 976593645
132 488 432636392
56 408 461832797
76 6 205530478
525 809 410038693
767 398 235400671
577 234 19072449
783 323 927919538
648 636 773712338
228 940 617675879
464 408 108962230
438 450 858655299
746 641 664261097
35 401 615998286
976 630 708351644
806 656 642912138
885 852 623919124
334 10 278931573
20 924 754038341
534 35 324787650
672 10 322814895
210 301 788251475
55 140 39422840
201 759 880943226
594 184 853313227
787 902 88547954
214 350 796263792
544 914 800157720
256 542 236960173
938 79 95610094
94 827 47331164
815 707 147598674
56 893 523955278
918 820 890786811
339 535 205333471
755 292 922544821
199 347 465365466
660 671 864921694
695 169 403864720
387 374 456457760
235 568 738836019
28 659 443339761
755 584 928189817
797 572 306813000
722 790 825521518
451 919 134991649
22 987 670860441
979 491 621362740
903 244 726811987
256 15 187399282
14 324 920222052
896 288 410420416
55 154 885343967
14 448 823010808
454 209 853716031
165 951 724271644
188 671 354350531
302 212 273951453
803 176 618031111
939 836 26073420
562 430 265844196
957 556 961726175
96 102 907908490
596 589 583824808
227 459 349681883
423 332 738735057
954 489 702246155
848 61 77665883
661 268 586676597
665 69 206951192
978 799 466242496
296 863 804578790
471 217 459834162
384 336 814096174
515 133 150127956
809 269 115822492
292 74 392746440
357 790 549283616
762 413 912959335
564 926 712012582
112 950 414309023
345 303 814928401
41 178 5835532
437 613 566113278
792 650 310839892
13 160 413058231
122 674 77567560
922 628 919840502
307 71 90605113
117 395 210620123
461 165 303144856
918 257 444088240
853 637 742208977
406 879 26075356
745 832 283423593
463 662 942034981
527 858 826762326
313 624 466310442
440 298 292223391
198 113 995477537
743 686 807996981
345 414 32249805
197 279 339091729
162 889 960350915
472 386 208350351
694 700 971914206
24 752 236811529
273 24 32945663
763 184 564495031
897 85 760672010
46 407 653728455
853 113 943115294
866 352 870415289
59 281 514181908
195 926 344099069
980 876 278889275
150 865 225584591
951 876 998202706
3 127 356475218
92 520 998890182
389 136 840371692
808 765 824769069
491 151 585053665
302 404 339555587
197 933 452771123
75 379 396176035
602 883 428766905
820 721 886006409
404 401 640273022
47 274 222401991
272 358 606512989
490 612 982721989
23 981 461595098
451 854 759360062
648 448 547545668
401 414 614915703
571 728 447883272
220 283 409671617
983 320 890544215
137 681 649725234
596 764 648987132
490 235 625528480
754 926 373521016
570 872 335493342
217 796 161336928
114 738 921010491
630 125 14075639
380 758 853611575
446 923 186080015
821 707 56305544
162 211 86400797
289 749 501085006
548 60 52506268
539 617 829255314
682 422 71181476
95 5 359819525
565 574 769705930
812 213 413401590
706 515 372170555
557 233 22693525
723 419 436266260
354 378 248288615
645 685 429824516
964 658 643004681
710 748 429952549
573 262 238226985
613 109 28603159
581 225 160727234
65 933 374111
360 376 880929944
192 954 817922303
860 485 640554228
423 911 858491734
177 460 110893984
438 84 124716090
987 759 613408549
898 544 9258580
446 403 660908612
528 778 136837819
831 833 509408435
711 427 615715284
209 916 784606489
641 345 514594666
431 901 987062349
855 556 598295049
57 751 531642314
787 648 265901472
788 237 249462134
547 686 694948183
892 711 457003157
78 423 632260782
656 372 429463559
301 506 968708567
189 388 98848714
299 326 630866773
751 138 84551596
190 566 287773397
175 757 54463312
573 597 857285964
153 403 414405989
223 164 927483475
668 418 125905442
223 538 279612608
681 731 734278917
42 479 619222149
698 444 72760268
865 340 787625421
869 512 95920820
780 182 930997077
404 392 835818481
372 451 474752520
607 426 669524078
755 105 434416095
552 693 148938694
257 158 321282039
756 913 619828099
750 148 679978996
889 903 524153750
177 932 72865429
395 671 207117847
560 366 57867673
673 19 546287678
756 898 214395602
209 869 293417633
683 171 677572743
137 238 286504624
240 581 304118542
554 986 316873583
471 419 192709034
894 81 648607603
475 452 370811043
638 890 326035999
490 197 220836004
691 636 776690207
523 945 678407002
790 62 562284837
663 479 671235914
171 96 650780387
357 26 276692210
665 212 229395785
920 307 807808804
252 767 618500609
478 646 636650655
877 81 597970216
445 812 210445039
561 251 634963790
241 492 680704646
688 425 337593008
621 831 401247260
984 491 287767989
20 683 164778308
548 764 45849255
236 164 151010896
746 812 240156851
313 732 884513127
758 125 22535715
377 792 17151716
681 845 971243482
918 376 980270321
23 855 303642640
586 10 34280036
49 285 358560848
850 431 584717530
842 232 16567984
666 39 723967507
862 305 547515471
221 512 165352589
925 595 730134804
308 148 319584099
776 218 974247589
357 211 435153256
536 40 648188582
887 386 629041023
502 321 390143540
600 542 957016126
297 844 448636577
138 214 134726340
72 332 82253681
638 78 463486679
136 816 235717013
263 587 31600193
181 515 671557607
765 72 138926956
