684551125
864123408
720123572
573915197
141023631
244680091
137008485
334630551
248477350
327963889
178542766
817058471
663998005
665015122
989445755
862371434
199650487
602518411
716859732
577109247
335903874
152735620
103150792
840395723
173169274
135170260
470748959
770194492
114868377
344952547
288241225
554985992
48207507
833262477
498960267
130991779
863127677
134239945
590277497
688652660
747936599
172112981
350928994
61621054
338699708
502343906
305587114
475432544
400704713
834751919
372026646
736004233
193374713
516397465
158639134
261249245
890020083
851287459
455498169
443681733
295784425
133195709
763652641
210427717
755486884
850297268
590699697
692544045
180371429
145429296
187513928
928296323
940301308
498595773
863191247
985615051
244534427
690673346
454379235
886142625
86263513
547704567
520571113
208069808
769594542
839168297
188223198
723037613
672387688
994602833
914529552
348655061
495765158
705055386
99643006
801021955
278796140
815218056
738229914
552444780
132883787
985119073
617599419
93968583
242297381
627000143
456304465
88023802
424044997
16906856
990151187
887643021
868532623
354339273
499360617
196455526
906476950
797512377
216170324
476167720
662456432
798141983
418727460
177833199
408502928
169993316
870928422
221875302
917598284
591824766
656651467
515277723
224145206
344448997
320548584
331681608
171263628
984552278
686387720
529815302
335830583
495370904
529640334
313722560
598172145
549235966
9811574
945658764
903421230
829448914
268880745
963431674
673076524
588599810
268298036
745627648
210057909
176082333
891634922
378221487
66579356
231648799
904126923
73828428
235904771
873414618
669539592
698134736
838925612
276120094
800306315
939265128
471208592
172271036
463809005
244251222
975445924
86131322
198056969
661850307
776167863
422074808
836891608
194025713
388451356
165864136
323042667
964554111
383655963
956051860
701539859
708290850
474569981
229344739
598156362
22542713
488738490
892432673
81947863
784389865
44255615
551710128
490518498
873404759
384689580
113431557
636656461
806665295
586098524
150237221
939845690
626186199
380771317
124288057
823320794
696334956
157014748
589788968
403212152
312607947
663262492
965376548
147372862
494098950
243106772
495999931
776693344
275298285
423847297
999468561
150186795
179159321
708863035
306301981
524298613
941507830
464458431
529738849
952011585
866103524
342013968
256985800
768948018
477295732
805393733
529637098
16496530
383691889
148868205
231598214
925819161
448264637
89011623
945310104
174267691
909138735
916021701
451597674
403571892
221990765
730645622
883081687
897851637
613722658
911927405
242931687
118777011
263385068
500379125
459357638
997077123
881803735
940504332
714966646
315013165
214803621
60713485
387948881
198756889
52424513
361395682
324501890
164947748
736947652
709254724
586267197
957285748
170779661
742821795
445953073
325087453
25294497
828456595
286304054
160186854
842315061
768383998
141803163
762594882
308384414
509589020
673714179
898357447
840195844
195572665
343330302
577191083
102562752
499080700
540507401
7134352
525826390
722478826
785325573
411569455
121446127
673787298
444264419
102686943
963613485
334615401
615973783
580280738
783701744
739812404
182068283
928968237
259571565
812844004
756580527
360224795
989594505
741345282
727740806
710370571
964630576
202340781
44361293
329904245
494270638
494913565
505206972
740855090
907694979
959534640
197465985
496669517
759417521
748012016
74696713
633282950
72054321
220081666
75088164
25241066
406669030
73031490
987128040
501493206
323012053
376817921
822372489
69598019
57325396
130246381
609767155
58685146
355758963
667230117
852726598
86999459
505032080
5245700
866311214
566355276
491108359
772649736
604947336
661947652
669996966
982427152
172137575
464241559
226177581
738009834
555730928
242238579
752520418
143732927
681932524
718074900
560280311
583416599
190027727
21557407
15238495
138900963
708746062
429271376
719517868
527944863
794497116
401976044
706612972
918787765
498523784
777190793
400045903
102041329
17846190
272053180
926608293
640080088
823375611
751025427
252692104
530069755
27558388
594855023
310245262
787003032
482582957
243335825
603404850
386325085
597893785
752473270
685288009
29783830
252578728
656251764
881555924
684329119
419360457
224839392
69327015
792657795
775519563
677296722
161912570
495837648
481395127
845379114
53780611
894193474
202865206
742543030
283719702
757452056
840615080
932527360
261517452
727451385
797218639
583710854
92465345
946367736
471413466
83240169
341348455
278695475
967353311
420980125
913295488
498248858
995883962
4643418
521565734
156285947
305904207
577139051
141214874
113886167
640696717
675153090
495367939
222306642
805392563
294678865
956601602
186216706
980265739
453531637
292239910
689098805
680879197
297985494
960862746
254104062
458157326
450217437
752339897
870606883
732166755
302233155
62782367
853420912
801760316
696864345
713780302
854317608
681627840
742042628
675826795
364950157
91262371
674178744
667658580
860518696
922638833
440194984
891079835
594232752
134627446
776573939
476999989
858319508
947904449
834584511
481101364
161661316
927806788
127429728
908781341
582052100
366151925
551082403
198147315
282120762
502036198
825353922
910949023
480838179
470996149
72436861
955259597
561339928
868787311
175096074
925376499
746550986
144299316
344051462
169517243
379681659
309685416
933816907
982466635
723014803
175685681
662839168
329110192
37898735
956343974
630471990
718502784
825359152
143834845
579221428
571324191